26
44
学校大门
第一教学楼
工程训练中心
第二教学楼
第三教学楼
体育馆
沁园
游泳教学场
操场
图书馆
信息楼
第九实验楼
交通楼
樱花林
超市
基础教学楼
九栋宿舍楼
学二食堂
泽园
综合餐厅
春晖楼
开元楼
翠园
医院
学校小门
大礼堂
32767
40
32767
32767
32767
32767
32767
32767
32767
32767
32767
32767
32767
32767
32767
32767
32767
32767
32767
32767
32767
32767
32767
32767
32767
32767
40
32767
32767
130
32767
188
47
32767
32767
32767
32767
32767
32767
32767
32767
32767
32767
32767
32767
32767
32767
32767
32767
235
32767
32767
32767
32767
32767
88
109
32767
32767
32767
32767
32767
32767
32767
32767
32767
32767
32767
32767
32767
32767
32767
32767
32767
32767
32767
32767
32767
32767
130
88
32767
102
32767
32767
32767
32767
32767
32767
32767
32767
32767
32767
32767
32767
32767
32767
32767
32767
32767
32767
32767
32767
32767
32767
32767
109
102
32767
40
32767
32767
32767
32767
32767
32767
32767
32767
32767
32767
32767
32767
32767
32767
32767
32767
32767
32767
32767
32767
32767
188
32767
32767
40
32767
83
115
32767
62
32767
32767
32767
32767
32767
32767
32767
32767
32767
32767
32767
32767
32767
32767
32767
32767
32767
47
32767
32767
32767
83
32767
32767
32767
47
32767
32767
32767
32767
32767
32767
32767
32767
32767
32767
32767
32767
90
32767
32767
32767
32767
32767
32767
32767
32767
115
32767
32767
48
110
110
168
32767
32767
32767
32767
32767
32767
32767
32767
32767
32767
32767
32767
32767
32767
32767
32767
32767
32767
32767
32767
32767
48
32767
32767
32767
32767
32767
32767
32767
32767
32767
32767
32767
32767
32767
32767
32767
32767
32767
32767
32767
32767
32767
32767
32767
62
47
110
32767
32767
132
32767
32767
32767
32767
32767
32767
32767
32767
32767
32767
32767
32767
32767
32767
32767
32767
32767
32767
32767
32767
32767
32767
110
32767
132
32767
32767
32767
40
32767
32767
32767
32767
32767
32767
32767
32767
107
32767
32767
32767
32767
32767
32767
32767
32767
32767
32767
168
32767
32767
32767
32767
48
32767
32767
32767
32767
32767
32767
32767
32767
32767
32767
32767
32767
32767
32767
32767
32767
32767
32767
32767
32767
32767
32767
32767
32767
48
32767
96
32767
32767
32767
32767
32767
32767
32767
32767
32767
32767
32767
32767
32767
32767
32767
32767
32767
32767
32767
32767
32767
32767
40
32767
96
32767
120
208
32767
32767
32767
32767
32767
32767
32767
32767
32767
32767
32767
32767
32767
32767
32767
32767
32767
32767
32767
32767
32767
32767
32767
120
32767
180
180
32767
32767
32767
32767
32767
32767
32767
32767
32767
32767
32767
32767
32767
32767
32767
32767
32767
32767
32767
32767
32767
32767
208
180
32767
246
32767
160
32767
32767
32767
32767
32767
32767
95
32767
32767
32767
32767
32767
32767
32767
32767
32767
32767
32767
32767
32767
32767
180
246
32767
88
248
32767
32767
32767
32767
32767
32767
32767
32767
32767
32767
32767
32767
32767
32767
32767
32767
32767
32767
32767
32767
32767
32767
32767
88
32767
32767
131
32767
32767
32767
32767
32767
32767
32767
32767
32767
32767
32767
32767
32767
32767
32767
32767
32767
32767
32767
32767
32767
160
248
32767
32767
107
46
32767
32767
32767
32767
80
32767
32767
32767
32767
32767
32767
32767
32767
32767
32767
32767
32767
32767
32767
32767
32767
32767
131
107
32767
130
32767
32767
32767
32767
32767
32767
32767
32767
32767
32767
32767
32767
32767
32767
32767
32767
32767
32767
32767
32767
32767
32767
32767
46
130
32767
50
32767
32767
32767
90
32767
32767
32767
32767
32767
32767
32767
32767
32767
32767
32767
32767
32767
32767
32767
32767
32767
32767
32767
32767
50
32767
32767
32767
114
32767
32767
32767
32767
32767
32767
32767
90
32767
32767
32767
107
32767
32767
32767
32767
142
32767
32767
32767
32767
32767
32767
32767
110
32767
32767
32767
235
32767
32767
32767
32767
32767
32767
32767
32767
32767
32767
32767
32767
32767
32767
32767
32767
32767
32767
32767
32767
110
32767
32767
105
32767
32767
32767
32767
32767
32767
32767
32767
32767
32767
32767
32767
32767
32767
32767
32767
32767
32767
32767
32767
32767
114
32767
32767
32767
177
32767
32767
32767
32767
32767
32767
32767
32767
32767
32767
32767
32767
32767
32767
32767
95
32767
32767
80
32767
90
32767
32767
105
177
32767
